Experiment	d0 Average pH	d1 Average pH	dd0 Average pH	dd1 Average pH	dd2 Average pH	dd3 Average pH	dd4 Average pH	dd5 Average pH	dd6 Average pH	dd7 Average pH
0	7.067529411764705	6.81908	6.583861111111111	6.526025	6.611545454545455	6.92315625	6.647576923076924	6.555818181818182	6.675911764705881	7.03982142857143
1	7.259799999999999	6.85096	7.145157894736841	6.991	6.833088235294118	6.843135135135134	6.602639999999999	6.746703703703705	6.862538461538462	6.94812
2	7.124666666666668	6.860076923076923	7.294534883720929	6.616605263157896	6.73671875	6.92569696969697	6.62173076923077	6.615722222222222	6.539342857142858	6.976566666666668
3	7.114656249999999	6.794346153846154	6.827923076923077	6.953078947368422	7.11471875	6.973193548387097	6.744807692307693	6.746750000000001	6.777439999999999	6.800375
4	7.06065625	6.846551724137932	7.054666666666667	6.909200000000001	6.618	6.555046511627907	6.599625000000001	6.682807692307692	6.75952	6.771208333333333
5	7.039617647058824	6.840703703703703	6.906722222222223	7.132861111111112	6.911933333333334	7.0576875	6.816925925925926	6.784416666666668	6.805	6.804625000000001
6	7.109470588235293	6.825576923076923	7.185571428571428	5.15396	6.695111111111111	6.500953488372093	6.653038461538463	6.79172972972973	6.724307692307691	7.228606060606061
7	7.150727272727273	6.780269230769231	7.014428571428572	6.478470588235293	6.831900000000001	7.363972972972974	6.673629629629629	6.861656249999999	6.79	6.893677419354837
8	7.092384615384617	7.078714285714286	6.903815789473684	6.985466666666666	7.028935483870968	7.156555555555555	6.982875	7.199194444444444	7.027037037037037	6.968679999999999
9	7.03834375	6.806807692307691	7.656555555555554	7.86808888888889	6.86814705882353	6.944548387096774	6.642242424242425	7.18611111111111	7.026629629629631	7.1868
10	7.115794117647058	6.791346153846154	6.442975609756097	6.602307692307691	6.268709677419355	6.845323529411765	6.686916666666666	7.0345	6.880839999999999	6.737515151515153
11	7.114458333333333	6.806726519337017	6.98591086350975	6.981866666666666	6.699140883977901	6.930894444444445	6.756596100278552	7.027241666666666	6.91906388888889	7.140292479108634
12	7.007158774373259	6.749096952908587	6.968898876404494	6.910225000000001	6.607519444444444	6.831016666666667	6.633373259052926	6.878924999999999	6.728511049723759	6.9683286908078
13	7.009580555555556	6.794005555555555	6.947690807799443	6.897330555555555	6.544486111111111	6.850480555555555	6.657805013927577	6.893555555555554	6.730241666666666	7.017363888888889
14	7.011533519553073	6.74918611111111	6.884802777777777	6.910025000000001	6.616598885793872	6.861672222222223	6.687155988857938	6.908152777777778	6.809908077994428	7.036788888888889
15	6.957142857142858	7.863783783783783	7.725285714285713	6.93015625	6.086666666666668	7.112074074074074	7.243785714285715	8.247941176470588	7.118535714285715	7.05068
16	7.168529411764706	7.043970588235292	6.848333333333333	7.170032258064515	7.30555172413793	7.302961538461537	7.157555555555557	7.374548387096774	7.246115384615385	7.140692307692309
17	6.861054054054054	7.052771428571428	6.754925925925925	7.104897435897435	6.9598	7.294269230769231	7.136214285714287	7.03115625	7.215692307692308	7.106807692307693
18	7.019027777777777	7.062885714285714	6.7728	6.782361111111111	7.057799999999999	7.234884615384615	7.066148148148148	6.937064516129033	7.135962962962964	7.026653846153847
19	7.147822222222223	6.803916897506925	7.10767867036011	7.122744444444445	6.605975138121546	6.938963888888889	6.838134078212291	7.10849860724234	6.944388888888889	7.126554317548748
20	7.106336111111111	6.901819444444444	7.034314763231199	6.873633053221288	6.629608333333333	7.028253521126761	6.820483240223465	6.882358333333334	6.726919444444444	6.9881108033241
21	7.088491666666666	6.888705555555556	6.923255555555555	6.870619047619048	6.660002777777778	7.107340720221607	6.923455555555555	6.986719444444445	6.806044444444446	7.083330555555555
22	7.076537396121883	6.877629526462395	7.008624309392266	6.866441988950276	6.734584958217271	6.992326815642459	6.849237569060773	6.962063888888888	6.843341666666666	7.134963988919668
23	7.164214484679666	6.749702777777778	6.86836111111111	6.902780555555556	6.732679665738162	7.18023463687151	7.069725761772853	7.262387186629526	7.182780555555556	7.139505555555558
24	7.069016666666665	6.817202777777778	6.96772191011236	6.875625000000001	6.770380555555556	7.074851123595505	6.873002762430939	6.986111111111111	6.800702777777777	6.832947222222222
25	7.249019444444444	6.923588888888889	7.112120786516853	6.958860724233983	6.79026330532213	7.159199999999999	6.867848739495798	7.068866666666668	6.92166016713092	7.174483333333333
26	7.167330555555554	6.837351800554017	7.198851540616246	7.121966573816156	6.836477653631285	7.119952646239555	6.927044692737431	7.264025	7.210530726256983	7.307348189415042
27	7.046952777777778	6.80475208913649	7.024628169014085	6.886407303370786	6.6502	6.946164804469273	6.73310924369748	7.000847222222223	6.872551820728292	7.027685236768803
28	7.140623626373626	6.993194444444445	6.765022284122563	7.057452777777778	6.913556786703601	6.952480555555556	6.741802228412258	6.975044444444444	6.761102777777777	6.862405555555555
29	6.974305322128851	6.872530555555556	6.794235294117648	6.914247222222222	6.874336134453783	6.863947222222222	6.805769444444445	7.019211699164345	6.917052777777777	6.997797222222222
30	6.969392757660168	6.852458333333334	6.812125348189415	6.869899999999999	6.837175487465182	6.792822222222223	6.806330532212885	6.951231197771588	6.958480555555555	7.107819444444443
31	7.099338888888888	7.072188365650971	7.156374655647383	7.157344444444445	6.854667590027701	7.195347222222222	7.025058333333333	7.123958448753462	7.054141274238227	7.221494444444444
32	7.057941504178273	6.785907303370788	7.006848314606742	6.898142061281338	6.711796089385473	6.87261797752809	6.671891666666667	6.918122905027933	6.763193277310923	6.951936111111111
33	7.2218891966759	7.072204986149584	6.925561111111111	6.982119777158775	6.907534818941504	7.116938888888889	6.839022222222222	7.087538888888889	6.820373259052925	7.11590027700831
34	7.217491666666666	6.999716666666667	7.129933147632313	6.925674157303371	6.896772222222221	7.191038997214483	7.046769444444446	7.207391666666667	7.111665745856353	7.305308333333334
35	7.156022222222223	6.984419444444445	6.919555248618784	6.829825966850828	7.026766016713092	7.148730555555555	7.050060941828256	7.160202777777777	7.127963687150839	7.192836111111112
36	7.118555555555555	6.767516666666668	7.020136490250697	7.026577777777779	6.966259668508288	7.186708333333334	7.023727777777777	7.213472222222223	7.220128133704735	7.285233333333334
37	7.043169444444445	6.781969529085873	7.082019444444445	7.043080555555556	6.801584487534625	7.111394444444444	6.909601671309191	7.085630555555556	6.912813888888889	7.164938888888888
38	7.01990625	6.46375	6.372314285714284	6.527222222222222	5.988566666666667	6.761757575757575	6.090400000000001	6.922580645161289	6.52845238095238	6.992423076923076
39	7.09990625	6.881923076923076	7.111619047619048	7.344081081081082	6.74744	6.562612903225808	6.816642857142858	6.983999999999999	6.393851851851851	7.059600000000001
40	7.082188888888888	6.880366666666666	7.108372928176795	6.88399721448468	6.724083333333334	7.045877437325906	6.939702777777778	6.981494444444445	7.064516666666666	7.16445
41	7.060863888888889	6.823813888888888	7.013127777777777	6.99300278551532	6.728735376044568	7.018330555555555	6.814933333333334	7.110519444444445	7.022505555555555	7.187367688022285
42	7.128310344827589	6.959500000000001	6.876628571428571	7.039117647058823	6.573071428571429	7.125433333333334	7.035399999999999	7.01704	6.971	6.966958333333333
43	7.126193548387096	6.307214285714285	7.193866666666667	7.195935483870966	6.896666666666666	7.286653846153846	6.728393939393939	7.101678571428572	7.005	7.147642857142857
44	6.99916129032258	6.9676	7.069447368421051	6.686285714285715	6.815392857142856	6.700451612903225	7.061375000000001	7.065249999999999	7.098360000000001	7.147359999999999
45	7.342793871866296	6.959352777777778	7.107078431372549	6.966362880886426	6.788238227146815	7.085520891364902	6.953811111111112	7.148141666666667	6.908702777777777	7.08942061281337
46	7.191490250696378	6.988172222222222	7.166661111111111	7.219875346260388	6.953258333333332	7.253473684210526	7.199777777777778	7.3508	7.244361111111112	7.235255555555556
47	7.163520891364903	6.928030555555554	7.240844444444445	7.162630555555555	6.977983333333333	7.346734636871508	7.332708333333333	7.342222222222222	7.365436111111112	7.373319444444444
48	7.148796657381616	6.95979005524862	7.224720670391062	7.194155555555555	6.89585595567867	7.30340947075209	7.181571030640669	7.329562326869805	7.258300000000001	7.339903581267218
49	7.139162011173184	6.974008333333334	7.173091666666667	7.142242339832868	6.918847222222223	7.213619444444443	7.112674094707522	7.051691666666668	6.997063888888889	7.000772222222223
50	7.17457381615599	6.864639889196675	7.177980555555555	7.032615598885793	6.82966295264624	7.140727777777778	6.969863509749303	6.97153611111111	6.786681440443214	7.165533333333333
51	7.153378830083565	6.941119444444444	7.138094707520891	7.177963888888889	6.974866666666667	7.224298882681564	6.991183333333332	7.162461111111111	7.03986312849162	7.172436111111112
52	7.166625698324022	6.955805555555556	7.016452777777778	6.962724233983287	6.849008333333335	7.200725	6.848381615598885	7.00356388888889	6.911825	7.184626740947074
53	7.193650837988828	6.971727777777778	7.126302777777778	7.00491643454039	6.712286111111112	7.033537604456824	6.876544198895028	7.054247222222222	6.874952908587258	7.070533333333333
54	7.140094707520891	6.904155555555556	6.935482384823849	6.999315934065935	6.749036011080332	7.068885793871867	6.778273480662983	6.920582172701951	6.600737569060772	6.764422222222223
55	7.104108938547485	6.813319444444445	6.940772222222223	7.053283333333333	6.783754874651811	7.074363888888888	6.962191666666667	6.98585	7.007105555555555	7.015777777777779
56	6.398623955431754	7.005572222222222	7.166444751381216	7.169185082872928	6.844455555555555	7.188304709141274	6.941908333333333	7.133562326869807	6.812999999999999	7.139111111111111
57	6.409214484679667	7.00371388888889	7.183259776536313	6.968258333333334	6.817305555555556	7.197398328690809	7.031488888888888	6.940872222222222	7.131058333333332	7.017177777777778
58	6.412547222222222	7.019794444444445	7.321721448467965	6.933991712707184	6.958991666666667	7.247582172701949	7.186838888888888	7.337302777777778	7.238849999999999	7.377791666666667
59	6.388911111111111	7.01691111111111	7.240894736842105	7.210883008356546	6.8435069637883	7.213022284122562	7.170275	7.206894444444444	7.264063888888889	7.306177777777777
