Experiment	dd0-dd1 Aggregate Size Gradient	dd1-dd2 Aggregate Size Gradient	dd2-dd3 Aggregate Size Gradient	dd3-dd5 Aggregate Size Gradient	dd5-dd7 Aggregate Size Gradient
0	0.1112180926451095	0.15443277141464556	-0.21378000326782792	-0.05616167527223326	0.020929755413949966
1	0.27349309542741745	0.05739347367110493	-0.25458759845493173	0.39015663095176106	-0.21399947829942043
2	0.570669894429774	-0.1928387335056533	0.05365507562724934	0.25680428902908264	-0.1997231213747269
3	-0.03135417206379618	0.2521967622904707	-0.019306111525463875	-0.04380817490927488	0.49649376552866814
4	0.6036489266415314	-0.016008462691088587	0.2208304153300593	0.640537199300051	-0.24241567716386594
5	0.3198216830727956	0.19570686661080672	0.3194432339030846	3.2638933305683753	-0.550963051418063
6	0.3371951629407266	-0.14551128233353416	0.04391044641635083	0.5208852253019537	-0.12968834958011866
7	0.2915683563911502	-0.053373509326731114	0.2970812590877058	0.7367578643763033	0.15491730978012097
8	0.28174136600047167	-0.0006306266773564389	0.3424672460856717	0.05199396619460083	0.07092358057372898
9	0.25008431513689594	0.011208518428694117	0.02829578919987174	0.15784473484950592	-0.27891899346027643
10	0.337764328657027	-0.04182340135337872	0.20868756264500377	-0.007657318958130983	-0.21497540014311764
11	0.12006978719775603	0.19498479338842986	0.10633217366575282	0.013709336297841778	0.045932828745060314
12	0.17734372817559657	0.07062116605585493	0.21583133337841626	-0.0015832544710134534	0.10395480696242707
13	0.22027248992016557	0.04283199229062816	0.10987064509537385	0.06958459687576835	0.02931181437228709
14	0.11319104143915529	0.10388182296230822	0.05805552853877116	0.13235524878264246	-0.0003349536374277822
15	0.30224356261411056	0.010011932643696712	0.09164288755391481	0.33073123655089376	-0.10671767967381864
16	0.6070606332236625	0.15131395198655387	-0.10380011509189933	-0.06205542406649224	-0.17667569829487037
17	0.5828553901113984	0.37567782101079666	-0.03859466234305682	-0.20216678097937782	0.013034913479338188
18	0.6462021561975356	0.22486236504021204	0.10633217366575282	-0.18652137225014245	0.15657168788014972
19	0.1343114288735694	0.12589101385182888	-0.017753882499096044	0.07941360101768127	-0.0041441257354952925
20	0.19050633177624118	0.12247548215535836	-0.07146129034108842	0.30317485438025055	0.10562660779508526
21	0.12010210850265038	0.09999582646220571	-0.041778157419151744	0.18818958901812188	0.14956308851369057
22	0.23354052359250818	0.24586641452308353	-0.07594710132832898	0.17611209493215405	-0.007758366100251369
23	0.16740907533408386	0.010476749549247471	0.019003941818547962	-0.16532397635417168	0.3383096713340163
24	0.2505046715615342	0.13727351532316753	-0.10033563835880861	0.21907680708172186	0.0811863271161303
25	0.24110449819918778	-0.006882659928734408	0.1597825590834801	0.6510295370210434	-0.21398087253285616
26	0.12388425547659057	0.04921828959942202	0.17588096275850792	0.0398745893300869	-0.13714169633597428
27	0.16549773556311337	0.18989788150417805	0.0338691821507679	0.12975720071039232	-0.050042971682205464
28	0.38398537593894944	-0.13829055717997302	0.44770001120480546	0.17542513153879588	-0.28016945025724954
29	0.36903481547491024	-0.12221134685656249	0.40075431331992506	0.35164589427759074	-0.32323552877700273
30	0.27852294969454056	-0.014021172159148996	0.46394191493597203	0.07456943851384552	-0.11924620075942081
31	0.009369586114976384	0.5207739423544574	0.2798767139264371	-0.2212141487514748	0.19415251320334667
32	0.14251716780421578	-0.006966260206184245	0.33345098349471647	0.15660105420027884	-0.16145632594919673
33	0.3565217391304348	0.05730600795755764	-0.02386233889948617	0.16708421213543057	0.11002693891795493
34	0.1805266348612247	0.31725759876157295	0.022707241005243208	0.006806216196805715	0.10998502000076826
35	0.18268282887290516	0.2951840703866637	-0.02495575537639224	0.1192270318831015	0.0024025598182790993
36	0.29515418502202645	-0.04013605442176875	0.06165839829907879	-0.09345794392523364	0.46686303387334294
37	0.2486486486486486	0.0743145743145744	0.04633982538616525	0.22336328626444146	0.10965372507869887
38	0.28142910062573456	0.2293932322476497	-0.012663874392401773	-0.013554112683764745	0.14265956408886682
39	0.31349926096744796	0.14738570587973024	-0.037221528299391786	0.11976623061442962	0.470021096961138
40	0.26295902152204265	0.05859759868386192	0.004616787748991222	-0.040656528431782336	0.1474240064089736
41	0.09060293866741216	0.3238906116829832	-0.03518017741836632	-0.04249184873787326	0.25135944478423283
42	0.20191114175320313	0.09315046520137799	0.08664626557071207	0.046590443731342183	0.3201694221257573
43	0.47834356422315116	0.19272955154779248	0.3843885939105797	-0.12982107522209313	-0.24245505557851146
44	0.5655327215281463	0.004030077932926838	0.12685967539655327	0.18125778238471543	-0.017170859383363952
45	0.21531524033877245	0.0861546883771604	0.03679524836918699	0.058739291226845354	0.208457511231888
46	0.17222491596698405	0.17051709937680212	0.02370230405811355	-0.05607383185987694	0.020551178993620696
47	0.1716991751740899	0.1497059226189046	0.21426735487829585	-0.13939840794349412	-0.24213142326351603
48	0.15039651504516405	0.22124759680586797	0.05995944055428925	0.05085064573471502	-0.027536106855864183
49	0.2040723722021651	0.09039849938516366	0.1104408428034832	-0.002534704631731319	0.38878804442435033
50	0.2179948846507827	0.08908385775781186	0.05302797464448736	0.2328676047463282	0.18119267760327828
51	0.48906775826968785	-0.2099281416463566	0.6659201662187143	0.2048237860418907	-0.3519981566748593
52	0.27734192343589426	0.20222923531722056	-0.07705631251829731	0.22989542101213473	0.006912565434615703
53	-0.0213662253976091	0.0	0.4640422556403275	0.21222534084898353	-0.03176415363734568
54	0.28847752149164696	0.0	0.1789830936696326	0.012508742816080798	0.239431208534847
55	0.12731726712842006	0.0	0.4209822393737283	0.6608803318684309	-0.1368435919601291
56	0.19256562884710285	0.33795994467898993	-0.06818994172706885	0.05662459054320497	0.2873881503670437
57	0.30122561142017523	0.12293453086739664	-0.05199136534457829	0.3257680189569667	0.150307891632907
58	0.22959420939204467	0.2943237952399209	-0.06172170449957974	0.17568059533753577	-0.07732153169308599
59	0.39667943446805853	0.14206393605341444	-0.05880815283059623	0.3099054630644455	0.03685209702118627
